Malignant_Lymphoma	PrC	SkC	Iron_Deficiency_Anemia	Sarcoidosis	GD	Hyperthyroidism	Hypothyroidism	T1D	Iritis	Uveitis	Asthma	Nasal_polyp	Ped_asthma	AIH	UC	PsV	T2D	RA	SLE	Sjogren_Syndrome	Chronic_Glomerulonephritis	IgA_nephritis	Nephrotic_Syndrome	Hashimoto_Disease	Hearing_Loss	Angina	PAD	SAP	Varicose	COPD	Chronic_Sinusitis	JRA
1.0	-0.6720413710900771	0.5213386106172105	0.4523610920781148	0.3553853404010981	0.7518951683654508	0.7563938304253477	0.35484442125061344	0.32400035098606883	-0.08255547479265847	-0.08255506696620603	0.04894998032218848	-0.07219540399231913	0.061237101188487214	0.7456615652340964	0.2573859635838872	-0.15285878325366586	0.13927486718983464	0.05627846779383209	0.8183268201756562	0.8010037704678216	0.8234708410862532	-0.5416381002913636	0.7045390993639947	0.30834469697721273	0.13794425611596298	0.16387273794624646	0.33007528398583813	-0.1622874676125617	-0.4731332044150668	0.3975197089085744	0.12723186705180434	0.4518862404268417
-0.6720413710900771	1.0	-0.46654488268172956	-0.427603393853941	-0.3754104172084115	-0.6145399079011936	-0.5791366094968812	-0.3448636333328569	-0.1652711302018692	0.10053617874189867	0.10053330239372597	0.07934151337564169	0.21372862467700365	0.06183747295616112	-0.6435760884407874	-0.12002739138798975	-0.11550156965557835	-0.040114418594906116	0.07023266143163265	-0.7416217317220926	-0.684754351292646	-0.6522075835522363	0.5297508596527715	-0.5534954613584093	-0.31480126594865954	-0.08924657156733674	-0.11615701124100006	-0.34882220944047665	0.15673597768963557	0.614100228756273	-0.4507194327549183	0.09598350444069938	-0.4143554755367676
0.5213386106172105	-0.46654488268172956	1.0	-0.18254025376305588	0.042471371331355874	0.19176422718795783	0.14609513904789276	0.04638044672315842	-0.18576677299250055	0.05646606540065901	0.05646686186576048	-0.4688039696763577	-0.34207124770215636	-0.43020004247110305	0.2093212031537567	0.6395596178807251	-0.004491451447853426	-0.33109568548665236	0.001059916842315568	0.3447336925891175	0.34045449813797096	0.2902109469951163	-0.19888215653809047	0.0786791725681008	0.01694871532715043	0.02081917325211515	0.017355810079198997	-0.25028043211250206	-0.12002674601291566	-0.07604567769549261	-0.13236973000560534	-0.019108297550842757	0.44800565257772834
0.4523610920781148	-0.427603393853941	-0.18254025376305588	1.0	0.6281979847929923	0.6224226684334629	0.6827408204379688	0.4156505619866595	0.5059845136655982	-0.17343435883698216	-0.173433873205539	0.45930494422856655	0.18184834086615342	0.43375339018638764	0.7682989296955323	-0.42636122974533947	0.03987262062260409	0.43304308559751675	-0.0020532533553686136	0.6409545819261341	0.5714711623317899	0.6969227472424647	-0.6427160585278141	0.8072392208779056	0.4233335483349271	0.048569724619141455	0.17409661464633908	0.7667147514633198	-0.0538935714998295	-0.5994131864111752	0.7266560418791183	0.0552914362447465	0.08301102794502212
0.3553853404010981	-0.3754104172084115	0.042471371331355874	0.6281979847929923	1.0	0.43101765670048536	0.4736536486987206	0.12194769673452287	0.14642090411157063	-0.06404657837857217	-0.06404315627476306	0.046222948589601257	-0.022246370176708472	0.0377246394040581	0.5735496426990052	-0.13866762563934992	-0.004415235437198479	-0.026172894071872423	-0.22514767955347642	0.5965209385860905	0.519894169424929	0.5770650647549411	-0.6166578066247203	0.5745592591397918	0.19793897286775683	-0.22812887063279147	-0.027126371596589798	0.3489613201129778	-0.30780074384975276	-0.4240868899306675	0.40796507580526037	-0.17086527353370604	0.12995292783409151
0.7518951683654508	-0.6145399079011936	0.19176422718795783	0.6224226684334629	0.43101765670048536	1.0	0.9254032524213732	0.5350594265623911	0.5145444532550619	-0.14237665405131947	-0.14237329634017573	0.37625246038104704	0.12056078226540726	0.39091452637288143	0.7217018606318554	-0.06828170112389052	-0.1398800116602802	0.3355130301506437	0.05067514678266266	0.787452014436646	0.8034966183789138	0.737666453966836	-0.5330274302808771	0.8060615547634538	0.5088124520678319	0.12880214993224273	0.2929605553414863	0.5308378409782908	-0.07409712734772435	-0.5533591370028728	0.5683388135673434	0.13768491411573405	0.4009609599166029
0.7563938304253477	-0.5791366094968812	0.14609513904789276	0.6827408204379688	0.4736536486987206	0.9254032524213732	1.0	0.5603721703868388	0.5624772468151051	-0.16346365017114137	-0.16346297526571274	0.40341033390408954	0.2034423705152021	0.4264288080300541	0.7251385283768549	-0.12556593774308988	-0.21808022024799736	0.38911902255563685	0.13043173872019645	0.7666166666185624	0.8136171831472676	0.7654548579075195	-0.5355127391491551	0.856160259655175	0.5371984513227765	0.11313809527277068	0.2956030093275537	0.5759157559245895	-0.04727765540529407	-0.59961821083042	0.6216904303781798	0.21635376087095198	0.36341895905375843
0.35484442125061344	-0.3448636333328569	0.04638044672315842	0.4156505619866595	0.12194769673452287	0.5350594265623911	0.5603721703868388	1.0	0.5748336826883892	-0.28571866008716756	-0.28571659210292616	0.6039638356115312	0.3806984052906675	0.6192120711768734	0.3065962107362676	-0.28079128962977845	-0.13585410961007297	0.46042939559228324	0.2813212371368229	0.33285137977429097	0.453237941936684	0.32062829401759013	-0.10641923189193853	0.4906845250337749	0.8169567041456308	-0.04781088211604298	0.3353468845959707	0.5156512606300485	0.22836008972943905	-0.3211297760850769	0.48029943858868124	0.40806113628644725	0.12213459044415932
0.32400035098606883	-0.1652711302018692	-0.18576677299250055	0.5059845136655982	0.14642090411157063	0.5145444532550619	0.5624772468151051	0.5748336826883892	1.0	-0.16937729663662554	-0.16937600384537935	0.560494000615201	0.5425655617572083	0.5551682255627027	0.3979849044001453	-0.4382438828021466	-0.1215303833250969	0.7320041631951947	0.3683252094134756	0.2989719889767455	0.4576187111431926	0.4021869425995242	-0.15205268189936924	0.5862030376805017	0.5417122946727447	0.19563524109915442	0.31882177044263055	0.673414426300515	0.20662019092254752	-0.3502036005319378	0.5248777424794384	0.5253811501461408	0.1215927028882494
-0.08255547479265847	0.10053617874189867	0.05646606540065901	-0.17343435883698216	-0.06404657837857217	-0.14237665405131947	-0.16346365017114137	-0.28571866008716756	-0.16937729663662554	1.0	0.9999999971422279	-0.1314418752379764	0.10352398756699757	-0.0762100939585159	-0.1318906773825033	0.22635184714355294	0.06792536239135073	-0.15164516913530154	0.3250513868807701	-0.07874771678994465	-0.026904862250448955	-0.07923579271772181	0.14794084847073172	-0.10015256394426561	-0.32284572115927695	0.3003110540474738	-0.050953091855818575	-0.22255510133687723	-0.030604065525669157	0.23478020388926046	-0.179780218923131	0.023575107684129605	0.28230347107461273
-0.08255506696620603	0.10053330239372597	0.05646686186576048	-0.173433873205539	-0.06404315627476306	-0.14237329634017573	-0.16346297526571274	-0.28571659210292616	-0.16937600384537935	0.9999999971422279	1.0	-0.13144012695960394	0.10352453063715138	-0.07621067940701534	-0.13188668311212728	0.2263501804330068	0.06792773815661284	-0.15164562430151776	0.32504356983271265	-0.07874630036701255	-0.026906117049875684	-0.07923351492093855	0.14793634169883368	-0.10015077985169654	-0.322844847572461	0.30031098768921577	-0.05095692997913435	-0.22255209698274578	-0.030608784809237084	0.23477607805597292	-0.1797799008441708	0.023575536940665026	0.2823038208230841
0.04894998032218848	0.07934151337564169	-0.4688039696763577	0.45930494422856655	0.046222948589601257	0.37625246038104704	0.40341033390408954	0.6039638356115312	0.560494000615201	-0.1314418752379764	-0.13144012695960394	1.0	0.5767214609526328	0.9363362950466486	0.22569482191607382	-0.6021957376580712	-0.07376950874871667	0.6189625556371899	0.3510723312880852	0.13505933490103453	0.22378281715873632	0.1073086964462012	0.0031196472764449482	0.4178879960327029	0.5925092175019312	-0.030040060143443393	0.2970102956813326	0.525948905507416	0.2847461242597313	-0.23370650479669347	0.5092103050894196	0.47424144244150757	-0.11834225668243041
-0.07219540399231913	0.21372862467700365	-0.34207124770215636	0.18184834086615342	-0.022246370176708472	0.12056078226540726	0.2034423705152021	0.3806984052906675	0.5425655617572083	0.10352398756699757	0.10352453063715138	0.5767214609526328	1.0	0.5528438775048744	-0.009505684677032722	-0.4850122646162131	-0.2406906295822059	0.5137866298022499	0.5809988159220737	-0.04670842002517162	0.18082859469294757	0.02269156359974999	0.1699764749634734	0.19712620304631062	0.30772810459586364	0.24953543330605457	0.2928779907828192	0.3323365437026404	0.31111529493667606	-0.06074764397835051	0.2630432197911939	0.7093326449405557	0.0884219828548125
0.061237101188487214	0.06183747295616112	-0.43020004247110305	0.43375339018638764	0.0377246394040581	0.39091452637288143	0.4264288080300541	0.6192120711768734	0.5551682255627027	-0.0762100939585159	-0.07621067940701534	0.9363362950466486	0.5528438775048744	1.0	0.22217658729453332	-0.6032931709508195	-0.14032874560864997	0.5979628849714779	0.3735377802508009	0.12167121004745654	0.2275861525201779	0.08487155864497084	0.011806120924106956	0.4019621996952899	0.6177974687865475	-0.023885076570808503	0.3249527514889555	0.5185865111893789	0.32302000427855826	-0.18023257483530827	0.5160686665589107	0.46847659132281405	-0.09515188850500049
0.7456615652340964	-0.6435760884407874	0.2093212031537567	0.7682989296955323	0.5735496426990052	0.7217018606318554	0.7251385283768549	0.3065962107362676	0.3979849044001453	-0.1318906773825033	-0.13188668311212728	0.22569482191607382	-0.009505684677032722	0.22217658729453332	1.0	-0.09447280080852505	0.09626206584215267	0.3271614560981593	0.03928180933395063	0.7996204184422778	0.7435992257836117	0.7730717503522865	-0.7653186528369434	0.7917325572912118	0.3350921455164476	0.09432810490316994	0.15375024041749052	0.6409938846839841	-0.17981318827626372	-0.6138315551413696	0.7081232186008634	0.13300197942991362	0.25216967272802515
0.2573859635838872	-0.12002739138798975	0.6395596178807251	-0.42636122974533947	-0.13866762563934992	-0.06828170112389052	-0.12556593774308988	-0.28079128962977845	-0.4382438828021466	0.22635184714355294	0.2263501804330068	-0.6021957376580712	-0.4850122646162131	-0.6032931709508195	-0.09447280080852505	1.0	-0.021093292451272495	-0.5763445169481131	-0.1417288322010446	0.07808473718134784	0.028429894502828523	0.02137230565208671	0.032529722000941175	-0.23973299599036296	-0.3911624789068885	0.14989816802677217	-0.18888406287589102	-0.5370913271146763	-0.2889863282103493	0.2878803945353276	-0.48247689867687193	-0.32234267493232	0.38922132973409385
-0.15285878325366586	-0.11550156965557835	-0.004491451447853426	0.03987262062260409	-0.004415235437198479	-0.1398800116602802	-0.21808022024799736	-0.13585410961007297	-0.1215303833250969	0.06792536239135073	0.06792773815661284	-0.07376950874871667	-0.2406906295822059	-0.14032874560864997	0.09626206584215267	-0.021093292451272495	1.0	0.19300217794175506	-0.010427884927660488	0.02209256119832094	-0.09140293653121331	-0.05171438846816872	-0.06420358799811288	-0.042689489769389063	-0.06289252979308951	-0.08963234539510366	0.06343345978990975	0.1029741816673556	0.046625219184095804	-0.21715845674493192	0.12998837512610006	-0.1311869265448655	-0.05618636322739476
0.13927486718983464	-0.040114418594906116	-0.33109568548665236	0.43304308559751675	-0.026172894071872423	0.3355130301506437	0.38911902255563685	0.46042939559228324	0.7320041631951947	-0.15164516913530154	-0.15164562430151776	0.6189625556371899	0.5137866298022499	0.5979628849714779	0.3271614560981593	-0.5763445169481131	0.19300217794175506	1.0	0.42971132455699074	0.15490248831410774	0.25371869953227805	0.25248064848215357	-0.02599528361579966	0.47085916729258687	0.48865193365845	0.1114448904495314	0.5192783967473831	0.6994703529925518	0.47064215311002694	-0.44934061511590356	0.6091362946351311	0.5869265222747786	-0.05827952652597901
0.05627846779383209	0.07023266143163265	0.001059916842315568	-0.0020532533553686136	-0.22514767955347642	0.05067514678266266	0.13043173872019645	0.2813212371368229	0.3683252094134756	0.3250513868807701	0.32504356983271265	0.3510723312880852	0.5809988159220737	0.3735377802508009	0.03928180933395063	-0.1417288322010446	-0.010427884927660488	0.42971132455699074	1.0	-0.07116647466829452	0.13787711371017491	0.027008394585372224	0.1880229583717477	0.15263628012140387	0.2351262504049991	0.08922089540804445	0.28809402840120096	0.17692929859163609	0.29143581629460197	-0.029434942143581562	0.20506495070154884	0.6822964084888857	0.05946627515275836
0.8183268201756562	-0.7416217317220926	0.3447336925891175	0.6409545819261341	0.5965209385860905	0.787452014436646	0.7666166666185624	0.33285137977429097	0.2989719889767455	-0.07874771678994465	-0.07874630036701255	0.13505933490103453	-0.04670842002517162	0.12167121004745654	0.7996204184422778	0.07808473718134784	0.02209256119832094	0.15490248831410774	-0.07116647466829452	1.0	0.8236784809761231	0.8707690101623355	-0.6815083292748977	0.7601131649533843	0.2931247309835765	0.13973337324675186	0.1912012940296532	0.4610430547342783	-0.1725766245263893	-0.6188863238015353	0.5085927613831513	-0.02646923367236757	0.4562841317967512
0.8010037704678216	-0.684754351292646	0.34045449813797096	0.5714711623317899	0.519894169424929	0.8034966183789138	0.8136171831472676	0.453237941936684	0.4576187111431926	-0.026904862250448955	-0.026906117049875684	0.22378281715873632	0.18082859469294757	0.2275861525201779	0.7435992257836117	0.028429894502828523	-0.09140293653121331	0.25371869953227805	0.13787711371017491	0.8236784809761231	1.0	0.7612993961952205	-0.602331464066797	0.7464058147052821	0.4271631623250138	0.23764633019211545	0.15459116229401387	0.4833328671058005	-0.2077400235418936	-0.5620132581357032	0.49410413193578406	0.20662688165000603	0.5230818381271348
0.8234708410862532	-0.6522075835522363	0.2902109469951163	0.6969227472424647	0.5770650647549411	0.737666453966836	0.7654548579075195	0.32062829401759013	0.4021869425995242	-0.07923579271772181	-0.07923351492093855	0.1073086964462012	0.02269156359974999	0.08487155864497084	0.7730717503522865	0.02137230565208671	-0.05171438846816872	0.25248064848215357	0.027008394585372224	0.8707690101623355	0.7612993961952205	1.0	-0.5762480983780084	0.8517336849495378	0.26812268380355253	0.12493862841373585	0.27231289020210575	0.46950649607942085	-0.062437157034099855	-0.6527559160016134	0.5159461562441758	0.02125423858170367	0.4341262169921747
-0.5416381002913636	0.5297508596527715	-0.19888215653809047	-0.6427160585278141	-0.6166578066247203	-0.5330274302808771	-0.5355127391491551	-0.10641923189193853	-0.15205268189936924	0.14794084847073172	0.14793634169883368	0.0031196472764449482	0.1699764749634734	0.011806120924106956	-0.7653186528369434	0.032529722000941175	-0.06420358799811288	-0.02599528361579966	0.1880229583717477	-0.6815083292748977	-0.602331464066797	-0.5762480983780084	1.0	-0.5303436087470466	-0.19561014679177371	0.027349156426641038	0.25504618398621853	-0.483473741600488	0.5528248393527585	0.4058828128310185	-0.4189373971380822	0.09251065600020833	-0.07780741475779503
0.7045390993639947	-0.5534954613584093	0.0786791725681008	0.8072392208779056	0.5745592591397918	0.8060615547634538	0.856160259655175	0.4906845250337749	0.5862030376805017	-0.10015256394426561	-0.10015077985169654	0.4178879960327029	0.19712620304631062	0.4019621996952899	0.7917325572912118	-0.23973299599036296	-0.042689489769389063	0.47085916729258687	0.15263628012140387	0.7601131649533843	0.7464058147052821	0.8517336849495378	-0.5303436087470466	1.0	0.47913004941677617	0.01686716110379548	0.37084750841155845	0.6274370757403975	0.06242473666534089	-0.7007240748844709	0.7194730821300078	0.1790548469923	0.31901603225006137
0.30834469697721273	-0.31480126594865954	0.01694871532715043	0.4233335483349271	0.19793897286775683	0.5088124520678319	0.5371984513227765	0.8169567041456308	0.5417122946727447	-0.32284572115927695	-0.322844847572461	0.5925092175019312	0.30772810459586364	0.6177974687865475	0.3350921455164476	-0.3911624789068885	-0.06289252979308951	0.48865193365845	0.2351262504049991	0.2931247309835765	0.4271631623250138	0.26812268380355253	-0.19561014679177371	0.47913004941677617	1.0	-0.2216633143907975	0.2307439258468763	0.5719746096736158	0.12299255297578696	-0.3235746017416734	0.5407114434674023	0.4272447994059178	-0.034734460041469545
0.13794425611596298	-0.08924657156733674	0.02081917325211515	0.048569724619141455	-0.22812887063279147	0.12880214993224273	0.11313809527277068	-0.04781088211604298	0.19563524109915442	0.3003110540474738	0.30031098768921577	-0.030040060143443393	0.24953543330605457	-0.023885076570808503	0.09432810490316994	0.14989816802677217	-0.08963234539510366	0.1114448904495314	0.08922089540804445	0.13973337324675186	0.23764633019211545	0.12493862841373585	0.027349156426641038	0.01686716110379548	-0.2216633143907975	1.0	0.037476070316857686	0.11558840384985933	-0.0016933473571504945	-0.0047727076084942335	-0.044023674741599426	0.09515148033040408	0.6164091367727542
0.16387273794624646	-0.11615701124100006	0.017355810079198997	0.17409661464633908	-0.027126371596589798	0.2929605553414863	0.2956030093275537	0.3353468845959707	0.31882177044263055	-0.050953091855818575	-0.05095692997913435	0.2970102956813326	0.2928779907828192	0.3249527514889555	0.15375024041749052	-0.18888406287589102	0.06343345978990975	0.5192783967473831	0.28809402840120096	0.1912012940296532	0.15459116229401387	0.27231289020210575	0.25504618398621853	0.37084750841155845	0.2307439258468763	0.037476070316857686	1.0	0.2827712838357975	0.8519597020112312	-0.4464209385974251	0.4550379481790543	0.24351874286203531	0.3050247242372224
0.33007528398583813	-0.34882220944047665	-0.25028043211250206	0.7667147514633198	0.3489613201129778	0.5308378409782908	0.5759157559245895	0.5156512606300485	0.673414426300515	-0.22255510133687723	-0.22255209698274578	0.525948905507416	0.3323365437026404	0.5185865111893789	0.6409938846839841	-0.5370913271146763	0.1029741816673556	0.6994703529925518	0.17692929859163609	0.4610430547342783	0.4833328671058005	0.46950649607942085	-0.483473741600488	0.6274370757403975	0.5719746096736158	0.11558840384985933	0.2827712838357975	1.0	0.09447861396139087	-0.5399540881781376	0.8096758964677825	0.3966405540899958	-0.04573619946847713
-0.1622874676125617	0.15673597768963557	-0.12002674601291566	-0.0538935714998295	-0.30780074384975276	-0.07409712734772435	-0.04727765540529407	0.22836008972943905	0.20662019092254752	-0.030604065525669157	-0.030608784809237084	0.2847461242597313	0.31111529493667606	0.32302000427855826	-0.17981318827626372	-0.2889863282103493	0.046625219184095804	0.47064215311002694	0.29143581629460197	-0.1725766245263893	-0.2077400235418936	-0.062437157034099855	0.5528248393527585	0.06242473666534089	0.12299255297578696	-0.0016933473571504945	0.8519597020112312	0.09447861396139087	1.0	-0.18238578633943	0.21815513388479577	0.26888742218055406	0.0563285038735706
-0.4731332044150668	0.614100228756273	-0.07604567769549261	-0.5994131864111752	-0.4240868899306675	-0.5533591370028728	-0.59961821083042	-0.3211297760850769	-0.3502036005319378	0.23478020388926046	0.23477607805597292	-0.23370650479669347	-0.06074764397835051	-0.18023257483530827	-0.6138315551413696	0.2878803945353276	-0.21715845674493192	-0.44934061511590356	-0.029434942143581562	-0.6188863238015353	-0.5620132581357032	-0.6527559160016134	0.4058828128310185	-0.7007240748844709	-0.3235746017416734	-0.0047727076084942335	-0.4464209385974251	-0.5399540881781376	-0.18238578633943	1.0	-0.627662592431649	-0.0700086941204236	-0.23368448698084404
0.3975197089085744	-0.4507194327549183	-0.13236973000560534	0.7266560418791183	0.40796507580526037	0.5683388135673434	0.6216904303781798	0.48029943858868124	0.5248777424794384	-0.179780218923131	-0.1797799008441708	0.5092103050894196	0.2630432197911939	0.5160686665589107	0.7081232186008634	-0.48247689867687193	0.12998837512610006	0.6091362946351311	0.20506495070154884	0.5085927613831513	0.49410413193578406	0.5159461562441758	-0.4189373971380822	0.7194730821300078	0.5407114434674023	-0.044023674741599426	0.4550379481790543	0.8096758964677825	0.21815513388479577	-0.627662592431649	1.0	0.3492163689228966	0.06247772335125888
0.12723186705180434	0.09598350444069938	-0.019108297550842757	0.0552914362447465	-0.17086527353370604	0.13768491411573405	0.21635376087095198	0.40806113628644725	0.5253811501461408	0.023575107684129605	0.023575536940665026	0.47424144244150757	0.7093326449405557	0.46847659132281405	0.13300197942991362	-0.32234267493232	-0.1311869265448655	0.5869265222747786	0.6822964084888857	-0.02646923367236757	0.20662688165000603	0.02125423858170367	0.09251065600020833	0.1790548469923	0.4272447994059178	0.09515148033040408	0.24351874286203531	0.3966405540899958	0.26888742218055406	-0.0700086941204236	0.3492163689228966	1.0	-0.05067717830818008
0.4518862404268417	-0.4143554755367676	0.44800565257772834	0.08301102794502212	0.12995292783409151	0.4009609599166029	0.36341895905375843	0.12213459044415932	0.1215927028882494	0.28230347107461273	0.2823038208230841	-0.11834225668243041	0.0884219828548125	-0.09515188850500049	0.25216967272802515	0.38922132973409385	-0.05618636322739476	-0.05827952652597901	0.05946627515275836	0.4562841317967512	0.5230818381271348	0.4341262169921747	-0.07780741475779503	0.31901603225006137	-0.034734460041469545	0.6164091367727542	0.3050247242372224	-0.04573619946847713	0.0563285038735706	-0.23368448698084404	0.06247772335125888	-0.05067717830818008	1.0
