Phenotype	PC_1	PC_2	PC_3	PC_4	PC_5	PC_6	PC_7	PC_8	PC_9	PC_10	PC_11	PC_12	PC_13	PC_14	PC_15	PC_16	PC_17	PC_18	PC_19	PC_20	PC_21	PC_22	PC_23	PC_24	PC_25	PC_26	PC_27	PC_28	PC_29	PC_30	PC_31	PC_32	PC_33
Malignant_Lymphoma	-0.8941405	-8.693467	-7.2563205	-9.336406	-0.27120253	6.0065084	1.8217478	2.151506	1.6164275	0.049970433	0.50306255	-2.6563923	-3.1043365	-2.465288	-2.3488984	-0.4573596	-3.4644578	-2.253118	3.2071028	-2.1553993	-1.7797027	0.6807981	-0.35084566	1.1880351	-2.8436072	2.0901256	0.43604004	-0.27902848	0.22756284	-1.1417346	0.00037755287	-2.3247354e-07	-2.7580064e-15
PrC	9.889887	-10.865387	-0.18177226	11.216611	15.18951	-6.89458	-3.5236528	-0.16896817	2.2621899	2.3619778	-2.1759245	-2.228927	4.702993	-2.908446	-0.111254305	2.153011	1.9046416	1.1080402	1.6772399	2.1974168	-0.14516324	-0.7378294	-2.7873464	4.067055	-0.095099166	0.011501454	-1.8027825	0.2635132	0.26084757	0.12224717	-0.17794164	3.879556e-08	-2.7580064e-15
SkC	10.231409	-15.869912	-8.040681	-5.951127	-0.3615463	16.179089	-8.397944	2.594656	7.590985	-1.197937	2.418443	2.2689314	-7.74072	-4.012677	5.6822286	-0.7181534	2.890884	1.0453129	1.3431782	1.909159	1.5516156	-0.6190292	-0.5534421	-1.799581	-0.117322706	0.6478076	-0.8719593	-0.11247725	-0.02748323	0.1728464	0.08288117	9.6050385e-08	-2.7580064e-15
Iron_Deficiency_Anemia	-1.6591951	-9.039688	-1.0167215	-3.9770954	1.7679584	-4.466243	3.9684198	-5.065576	-1.1719431	2.2297928	-4.5646825	-2.2050343	-0.05871877	2.3242657	0.23127036	-1.564568	1.5686744	0.57134587	2.0899076	0.5025298	0.20173393	-0.6299894	-1.8701636	-2.2055724	-0.053563453	-1.0230064	0.9033972	2.749749	0.861934	-1.2821223	0.22358456	-8.192309e-07	-2.7580064e-15
Sarcoidosis	3.1004922	-12.67588	-4.140602	-7.9209065	1.5331588	-4.585725	3.0452638	-9.251778	0.9811826	6.8180194	-7.229978	5.786573	1.4674022	-1.239273	0.15158209	3.357571	0.3219691	1.7509011	-2.7044702	1.8123952	1.661531	2.848238	0.9002901	-0.5015293	-1.4865978	0.51534677	0.5574117	-0.87027514	-0.43072787	-0.5067374	0.00025457246	1.8080896e-09	-2.7580064e-15
GD	-16.076529	-2.3698819	-11.731283	-18.505568	-11.905487	1.2127603	10.027888	8.808893	-0.22370622	-4.831085	2.775241	0.22285165	8.508099	-1.3589032	3.8234155	-2.1864622	-3.4567978	3.8752162	-1.4918747	1.2701563	-0.7054024	1.1403182	-1.1606221	-0.3583335	0.009230518	-0.012928203	-0.055938393	0.19898841	-0.097346224	-0.23189218	-0.12084909	7.039061e-08	-2.7580064e-15
Hyperthyroidism	-16.142437	-1.9019479	-12.563458	-15.121451	-8.941573	2.8316474	11.670875	2.7143195	-2.09634	-4.569258	-0.14891204	0.8121538	5.919705	-0.7138295	-0.44291672	1.8990716	5.3223658	-5.576256	1.4823242	0.07228763	2.2955391	-1.1713045	1.5466852	0.19938362	-0.5259967	0.04114405	0.2503929	0.011646657	0.12251827	0.40747085	-0.00914432	2.8857608e-08	-2.7580064e-15
Hypothyroidism	-46.73029	6.6414995	-12.66866	14.504055	-38.17451	2.8535984	-23.962904	-1.5329341	-7.4368486	3.1085198	-2.3167384	-3.159227	0.40238088	-0.97316796	0.38682628	0.27615547	-0.14483033	-0.18668284	0.027581196	0.5255126	-0.058657635	0.16541588	0.017004719	0.27777672	-0.046308286	-0.060315102	-0.13743329	-0.009264295	0.018616755	0.03381443	-0.0036438787	4.6307978e-08	-2.7580064e-15
T1D	-77.999794	59.146854	19.434778	-23.1491	21.487137	-0.36443067	-10.679843	2.263975	3.1309938	1.4588641	-1.9237677	1.2822562	-0.3581436	0.33577666	0.50380874	-0.35461485	0.07922676	-0.264089	-0.12622131	-0.19202666	0.10236688	-0.19319889	-0.007955972	0.2063507	-0.10010327	-0.11327967	-0.006214476	0.035248775	-0.030532809	-0.011576285	0.0058058407	1.2046233e-09	-2.7580064e-15
Iritis	71.897156	45.30758	-3.5731895	-7.1871214	-8.330742	-6.9884753	-3.413978	-1.1737618	0.3011658	-0.86367804	0.025643276	-0.27675977	-0.09660783	-0.4610898	-0.08595222	-0.19796751	0.04288611	-0.076605305	-0.029875599	0.009715522	0.030322753	-0.084644645	-0.02751321	0.046585195	-0.03835531	-0.028467223	-0.006673584	0.021103641	0.004749246	0.018404912	-0.00068773975	0.0035604339	-2.7580064e-15
Uveitis	71.89748	45.307953	-3.5732625	-7.187686	-8.331081	-6.9895205	-3.4145353	-1.1737514	0.30121014	-0.86338603	0.026083091	-0.27689663	-0.09675279	-0.46169913	-0.08563115	-0.19900593	0.043167632	-0.07661199	-0.03009035	0.009806925	0.03011513	-0.083790466	-0.027718388	0.046737585	-0.038483188	-0.028200611	-0.0064567523	0.020545317	0.0046632066	0.019775668	-0.0011524236	-0.0035603633	-2.7580064e-15
Asthma	-20.879251	6.7809305	1.2916825	19.429497	-6.5829163	-21.56827	11.695211	8.39352	3.02834	4.3150053	0.63299054	0.90433925	-3.1990533	-2.7024205	-4.484878	-5.0301967	1.6983147	1.7658061	-0.123060435	2.5090978	0.5713895	-0.96329826	1.4615978	-0.22824667	-0.5534243	0.2753137	0.2778641	-0.17731231	-0.118663475	0.08359585	0.013153228	1.5248445e-07	-2.7580064e-15
Nasal_polyp	-3.9607852	6.0708327	-1.6008439	11.87086	9.962723	-2.5940022	2.1359499	-5.502449	-8.796489	7.7829947	9.085741	6.1865854	3.3639662	-3.207079	1.7169187	-1.0027516	1.3481212	0.23277134	0.41509008	-3.8113441	-0.9876648	-0.72995263	-0.9134856	-1.5636508	-0.50609714	0.28237703	-0.42625695	-0.14585626	0.109581836	0.19011816	-0.05644668	1.5181918e-07	-2.7580064e-15
Ped_asthma	-18.68345	8.416579	-2.372606	19.69773	-7.6965284	-20.678766	10.807254	6.398437	4.748121	-0.67515844	-1.2909708	0.12536329	-4.01542	2.9091296	5.0093365	5.2275996	-0.55153686	-1.8366297	-0.32598904	-2.810766	-0.30905733	1.2805846	-1.4783216	-0.25146908	0.5392073	0.17102128	-0.045904044	0.04283703	-0.17867795	0.0026245066	0.036553986	-4.9875283e-08	-2.7580064e-15
AIH	0.069506265	-9.799786	-1.4199166	-6.0966415	1.5306828	0.6266428	4.3243914	-2.4628756	0.92661464	1.6255511	-1.7363958	-3.5497246	-2.1769204	0.8816969	0.9042806	-1.4076877	-0.7819476	-0.582526	-0.43251044	0.04635389	-1.8384472	1.112644	-0.10561335	-0.3643676	-2.1169813	-2.2991302	-0.021286165	-0.47811824	1.3592535	2.206367	-0.14921993	8.923204e-07	-2.7580064e-15
UC	16.949974	-16.64286	-8.450038	-3.6725028	5.4159417	9.631917	-9.458632	10.073791	4.6552167	2.774384	-1.8200661	-3.0951781	1.45248	-0.60177094	-4.6265	0.39851022	3.6180007	0.44999593	-4.700237	-3.8893316	-0.8284048	0.39197046	-1.1480572	-0.99526566	0.41460994	-0.43406954	0.27702472	-0.039735343	-0.2878559	-0.21347176	-0.09508262	-4.877073e-09	-2.7580064e-15
PsV	21.441345	-25.55072	67.031075	-6.25897	-18.396358	0.95522624	-1.9269288	3.0629451	0.2519527	2.0616922	0.70918006	1.3400728	1.707505	-0.06423225	0.6424377	0.084933184	0.09500832	-0.8882014	0.42021325	-0.19655347	-0.036251437	-0.010401095	-0.09763129	0.10455023	-0.031912275	0.046811514	0.092683695	-0.037781302	-0.044316076	-0.018088574	0.004583993	9.396298e-09	-2.7580064e-15
T2D	-13.754894	4.029114	13.61507	3.5811517	6.203579	-2.9643126	3.669053	-4.3525	-5.1851687	-10.262031	3.7605333	-7.297014	-1.9834952	-4.360624	-2.763824	4.9854813	1.0153564	3.553534	-0.1904591	0.11734464	0.009181186	0.90428054	1.2816206	-1.6467171	-0.12164617	0.15352164	-0.4323661	0.20476845	0.11790188	-0.03274408	-0.01626973	-1.0486768e-07	-2.7580064e-15
RA	2.364101	33.79435	7.4841576	31.275576	-0.5795626	37.602535	15.885415	0.5406335	0.4998021	1.3918512	-3.5566244	-0.12283882	1.2901764	1.9691374	-0.3148891	0.13645008	-0.4577968	0.896736	0.1926556	0.35877618	0.3392822	0.061158825	0.05533007	0.09304802	-0.11121317	0.087658636	-0.055243373	-0.04156203	0.014534714	-0.04646134	-0.022327539	-1.1213964e-07	-2.7580064e-15
SLE	-1.1005696	-10.234716	-4.951277	-11.95896	-3.452284	1.4301966	4.862073	0.3396635	-1.472693	2.9997208	-0.7685272	0.69203156	-3.04292	-0.46018872	-1.238672	-0.689704	-3.2107062	1.7065722	0.64566493	-3.8383684	4.318618	0.028321441	1.6931335	1.6812257	1.5136226	-1.0882126	-1.5667182	0.09658028	0.9455996	-0.26781026	0.022282574	-2.9639733e-07	-2.7580064e-15
Sjogren_Syndrome	-5.2590795	-4.0812187	-7.05846	-13.141262	-5.123773	5.3621054	5.1351357	0.22807261	-0.11259434	5.5977902	5.4212646	2.2173069	-3.0753086	0.9860045	-3.607944	5.181265	-3.7068858	-1.4539342	-1.8551499	3.3778126	-1.1149385	-3.3948936	-1.048396	-0.4990208	0.6563617	-0.59697515	-0.059786566	0.2102214	-0.1499029	0.029670864	-0.03793256	-2.811403e-07	-2.7580064e-15
Chronic_Glomerulonephritis	0.61588603	-9.186616	-3.5650043	-7.1347947	2.3744266	1.6535177	1.8913405	-1.7221502	-2.0527687	0.627064	-2.9854114	0.21052244	-1.2227701	-0.8146435	-1.8195997	-0.78419393	-1.3971786	0.6474124	2.9176667	-1.0493166	0.3060716	0.9201202	-0.7209869	0.14103049	1.0538008	0.6890908	0.70717925	1.3171462	-2.4421823	1.7794504	-0.08391247	6.289196e-07	-2.7580064e-15
IgA_nephritis	11.748604	-8.968311	0.034039382	17.832518	14.69204	-2.7757256	-12.869977	5.7677155	-3.3933852	-8.072045	-2.2728324	7.1321964	1.58146	0.38514122	-2.9391394	-0.54973286	-3.6899915	-3.087983	-0.14539798	1.4842677	1.3784891	1.3885369	-0.6039162	-1.9162736	-0.1224499	0.17331004	-0.72440326	0.38232124	0.6757841	0.28098795	0.041354027	1.8435217e-09	-2.7580064e-15
Nephrotic_Syndrome	-5.2126546	-5.050069	-3.1121376	-8.276776	-1.1368428	-0.0561115	5.677741	-2.4280434	-2.1573503	-1.4512796	-5.0496683	1.7344161	-0.8462633	-1.0128181	-1.4321694	-1.3295755	1.3244237	-0.6302712	2.9034772	0.55934906	-3.606595	0.94380736	-0.5611534	-0.89317197	3.0764008	-0.2726367	-0.41710773	-2.1641102	0.36216617	-0.48107475	0.19731723	-2.625557e-08	-2.7580064e-15
Hashimoto_Disease	-20.234789	-4.340291	-3.037107	6.803187	-12.496756	-0.6861429	-4.688044	-11.480218	14.643858	-6.9555306	5.6240273	4.4376044	2.5875225	3.6951938	-3.2344608	-0.80624515	0.42438447	1.32643	0.8882411	-1.3602072	-0.21273279	-0.009180037	-0.2731291	0.5567634	-0.16114452	-0.50442064	0.09337737	-0.09710631	-0.098845996	-0.008557159	0.008095942	-3.041876e-08	-2.7580064e-15
Hearing_Loss	7.2315617	-5.6892614	-2.1610281	-1.5481172	9.366448	-0.5947855	-3.1524932	3.2631664	-5.61742	1.7848635	6.464906	-4.2542653	-0.76240623	8.032571	-0.21237803	-0.8275473	1.157019	0.30140886	1.8685924	1.5911148	2.038899	1.6377671	-0.86908424	-0.057535566	-0.8465892	-1.1018097	-0.20980027	-1.4482161	-1.1182978	-0.6173532	0.29317144	-1.395068e-07	-2.7580064e-15
Angina	3.0897684	-9.440588	-0.45755973	3.0157356	5.068745	-0.19502549	-1.4184194	0.03593921	-4.095448	-5.4284205	-2.699638	2.2190032	-1.0886083	-0.19489647	1.6317964	-0.25533432	-0.1864117	1.5567513	-1.8634653	-0.9823636	-0.5197531	-2.6894395	0.12917699	1.8540375	-0.57901555	-0.19641334	1.1231188	-0.34325936	-0.15872225	0.19600314	1.6514355	-4.8910016e-07	-2.7580064e-15
PAD	-5.101126	-6.1168027	2.6089323	-1.9011312	3.49671	-3.559191	2.5142157	-7.0975266	-0.7101166	-0.45121983	-0.06884077	-5.751838	0.17594746	3.2641468	0.5540927	-2.7306051	-0.56142086	-0.78779036	-3.0401695	0.24286257	2.071957	-1.2969155	-1.7606565	-0.38157028	1.1053216	3.191795	0.4830579	-0.7793685	0.8527998	0.62170076	-0.22617365	4.4176582e-07	-2.7580064e-15
SAP	4.1460543	-9.567339	0.35273516	6.3043737	7.0854597	-1.4222516	-3.0738797	-0.23889832	-3.8656995	-5.8370075	-2.8585627	1.8932672	-2.1714845	-0.4895148	2.1374779	-0.51649654	-0.4293347	0.8320557	0.015652755	-0.69036484	0.34993038	-2.7088509	0.07275008	0.91469127	-0.2524865	-1.3692137	1.8585335	-0.8535662	-0.43371457	-0.6280137	-1.3965884	2.1011192e-07	-2.7580064e-15
Varicose	13.642667	-11.49826	-4.593786	9.543636	13.106245	-3.8021195	-8.733726	1.512701	6.933591	5.4550033	-0.63025475	-5.1077003	6.388346	0.5694057	2.392061	1.5499964	-2.7017345	0.19913004	2.525541	0.03221057	-0.5241802	-1.6807529	3.798029	-1.704433	0.6885153	0.21033269	0.5186707	-0.3256308	-0.005496589	0.09962544	0.14686845	-1.5370384e-07	-2.7580064e-15
COPD	-1.2872267	-8.487152	0.8171913	-0.37666687	2.1877582	-1.913884	3.5083194	-5.074697	-1.0876778	-2.4823155	-2.4149482	-1.3831742	-1.1123196	2.1503575	1.9065447	-2.9767373	-0.028322868	-2.401998	-3.3218858	-0.00058802165	-2.273746	-0.8791214	2.1532874	-0.039473724	-0.58450377	0.0009640578	-2.861385	0.79214406	-1.3005939	-0.60515267	-0.16927795	-2.591276e-07	-2.7580064e-15
Chronic_Sinusitis	-0.80855376	-1.7674226	0.05036256	8.223385	7.958376	3.8261042	0.12474015	-3.8194847	1.9134061	1.0069604	6.308257	-2.5528934	-1.0414608	-4.83077	1.685927	-1.8771576	-0.75089216	-4.0767245	-2.3348024	1.5400649	0.098315574	2.9619405	0.6667823	2.0031397	1.6463577	-1.0132576	1.6012639	0.6550317	-0.037567936	-0.46513158	0.1604206	-2.9324096e-09	-2.7580064e-15
JRA	7.4688697	-7.658114	-5.1943097	-4.5960307	3.354265	2.927713	-4.0500774	4.3956776	-4.309407	0.4903285	2.7573705	4.45239	-2.3542736	5.8305054	0.38910267	1.212053	2.6658022	2.360001	0.09553017	0.80839634	-2.4146607	1.4166902	2.590351	2.0258014	0.6294727	1.5542147	0.5277004	1.2008228	1.0224143	0.29321808	-0.32149005	1.5933617e-07	-2.7580064e-15
