HLA_DRB1*01:01	HLA_DRB1*04:01	HLA_DQB1*02:01	rs3131383	rs3101018	rs2293861	rs3749953	rs3828922	rs3130484	rs3117572	rs2299851	rs3131379	rs3117574
1.00000001	-0.118667	-0.0801566	-0.065763	-0.065763	0.338377	0.377048	0.338377	-0.065763	0.152006	-0.0151402	-0.065763	-0.065763
-0.118667	1.00000001	-0.128287	-0.0829473	-0.0829473	-0.0274567	-0.00810371	-0.0274567	-0.0829473	0.0575637	0.0711242	-0.0829473	-0.0829473
-0.0801566	-0.128287	1.00000001	0.717353	0.717353	-0.0630946	-0.0698692	-0.0630946	0.717353	0.115592	-0.0855678	0.717353	0.717353
-0.065763	-0.0829473	0.717353	1.00000001	1.0	-0.0943746	-0.0976426	-0.0943746	1.0	0.085876	-0.0875299	1.0	1.0
-0.065763	-0.0829473	0.717353	1.0	1.00000001	-0.0943746	-0.0976426	-0.0943746	1.0	0.085876	-0.0875299	1.0	1.0
0.338377	-0.0274567	-0.0630946	-0.0943746	-0.0943746	1.00000001	0.898686	1.0	-0.0943746	0.221458	0.712335	-0.0943746	-0.0943746
0.377048	-0.00810371	-0.0698692	-0.0976426	-0.0976426	0.898686	1.00000001	0.898686	-0.0976426	0.177044	0.768734	-0.0976426	-0.0976426
0.338377	-0.0274567	-0.0630946	-0.0943746	-0.0943746	1.0	0.898686	1.00000001	-0.0943746	0.221458	0.712335	-0.0943746	-0.0943746
-0.065763	-0.0829473	0.717353	1.0	1.0	-0.0943746	-0.0976426	-0.0943746	1.00000001	0.085876	-0.0875299	1.0	1.0
0.152006	0.0575637	0.115592	0.085876	0.085876	0.221458	0.177044	0.221458	0.085876	1.00000001	0.148485	0.085876	0.085876
-0.0151402	0.0711242	-0.0855678	-0.0875299	-0.0875299	0.712335	0.768734	0.712335	-0.0875299	0.148485	1.00000001	-0.0875299	-0.0875299
-0.065763	-0.0829473	0.717353	1.0	1.0	-0.0943746	-0.0976426	-0.0943746	1.0	0.085876	-0.0875299	1.00000001	1.0
-0.065763	-0.0829473	0.717353	1.0	1.0	-0.0943746	-0.0976426	-0.0943746	1.0	0.085876	-0.0875299	1.0	1.00000001
